id,neg,neu,pos,compound
2619,0.109,0.789,0.102,-0.5574
16043,0.095,0.832,0.073,-0.9197
876,0.052,0.859,0.089,0.9826
19963,0.022,0.884,0.094,0.9335
10783,0.077,0.836,0.087,0.4559
18522,0.111,0.845,0.044,-0.5106
270,0.085,0.812,0.103,0.9544
7628,0.073,0.819,0.108,0.4767
9599,0.109,0.842,0.05,-0.9611
11234,0.121,0.783,0.096,-0.8481
8071,0.1,0.805,0.095,0.1027
6921,0.026,0.875,0.099,0.9666
14878,0.071,0.821,0.108,0.9572
1560,0.054,0.875,0.072,0.8867
13064,0.078,0.841,0.081,0.0516
15262,0.08,0.854,0.065,-0.8412
6587,0.07,0.827,0.103,0.9714
11084,0.079,0.735,0.186,0.7964
20663,0.031,0.872,0.097,0.9786
13705,0.09,0.861,0.05,-0.4692
20185,0.145,0.826,0.029,-0.9331
20770,0.059,0.842,0.099,0.9799
20860,0.025,0.836,0.139,0.9977
5327,0.021,0.826,0.153,0.997
12539,0.069,0.852,0.079,0.1459
10731,0.123,0.825,0.052,-0.9823
23108,0.053,0.799,0.148,0.9547
16911,0.059,0.885,0.056,-0.3626
16473,0.364,0.481,0.155,-0.7263
7277,0.029,0.884,0.087,0.9906
12525,0.071,0.809,0.121,0.9877
436,0.077,0.795,0.128,0.9754
4331,0.131,0.745,0.124,-0.5621
2559,0.039,0.902,0.059,0.5705
3446,0.038,0.844,0.118,0.9847
6944,0.047,0.953,0.0,-0.4939
9640,0.094,0.786,0.12,0.9296
8326,0.044,0.802,0.155,0.7845
10290,0.173,0.782,0.045,-0.9962
6912,0.055,0.857,0.088,0.9264
14176,0.043,0.85,0.107,0.9637
4159,0.146,0.79,0.064,-0.993
15094,0.101,0.778,0.121,0.8642
5522,0.139,0.836,0.025,-0.9186
4409,0.125,0.722,0.153,0.9334
12068,0.0,1.0,0.0,0.0
11158,0.038,0.906,0.056,0.7406
7212,0.0,0.727,0.273,0.9723
21195,0.126,0.821,0.053,-0.918
3938,0.019,0.933,0.049,0.4939
8626,0.069,0.871,0.06,-0.8542
6747,0.07,0.802,0.128,0.9935
18375,0.116,0.832,0.052,-0.9379
7990,0.074,0.86,0.067,0.3894
15124,0.0,0.854,0.146,0.9699
6449,0.0,0.948,0.052,0.5719
8843,0.097,0.832,0.071,-0.9274
20691,0.153,0.814,0.033,-0.9891
13340,0.15,0.814,0.037,-0.9873
7556,0.145,0.776,0.079,-0.9606
19125,0.151,0.76,0.089,-0.9803
6604,0.053,0.865,0.082,0.4767
14370,0.025,0.91,0.065,0.6486
3060,0.063,0.821,0.115,0.9876
4034,0.052,0.874,0.074,0.5432
1686,0.119,0.776,0.105,-0.9203
2241,0.1,0.844,0.056,-0.8771
12177,0.156,0.699,0.145,-0.6866
1171,0.09,0.833,0.077,-0.9271
14427,0.083,0.846,0.071,-0.5859
3349,0.061,0.829,0.11,0.9911
17512,0.082,0.827,0.091,0.8585
3674,0.106,0.754,0.14,0.9633
11298,0.07,0.839,0.091,0.9011
13544,0.088,0.836,0.076,-0.4404
17488,0.066,0.82,0.114,0.9884
17076,0.043,0.853,0.104,0.9956
6937,0.05,0.849,0.1,0.9882
10873,0.077,0.844,0.079,-0.4321
21297,0.168,0.775,0.057,-0.99
22799,0.082,0.842,0.077,0.1439
1061,0.064,0.869,0.066,-0.2748
2990,0.06,0.801,0.139,0.9445
6348,0.069,0.88,0.051,-0.3237
19441,0.086,0.862,0.052,-0.9512
20549,0.105,0.793,0.102,-0.6058
21402,0.022,0.806,0.173,0.9986
11546,0.055,0.815,0.13,0.8979
17006,0.067,0.752,0.181,0.9382
2675,0.071,0.862,0.066,-0.7466
2447,0.041,0.931,0.029,-0.25
698,0.0,0.775,0.225,0.9451
18296,0.106,0.745,0.149,0.9953
1276,0.221,0.718,0.062,-0.9989
2913,0.145,0.796,0.059,-0.9965
19443,0.101,0.834,0.065,-0.9026
5927,0.092,0.804,0.104,0.8316
6407,0.098,0.728,0.174,0.9899
7922,0.131,0.827,0.042,-0.9871
2884,0.114,0.822,0.064,-0.9915
15505,0.097,0.771,0.132,0.5719
5610,0.068,0.814,0.117,0.9544
7599,0.157,0.752,0.09,-0.9975
6369,0.057,0.837,0.105,0.9858
13095,0.25,0.693,0.056,-0.999
22850,0.114,0.741,0.145,0.9955
21512,0.1,0.829,0.07,-0.9411
3019,0.092,0.776,0.132,0.9655
11525,0.077,0.824,0.099,0.4215
8129,0.083,0.784,0.133,0.9635
8096,0.047,0.829,0.125,0.9524
10157,0.161,0.755,0.084,-0.96
5193,0.118,0.82,0.062,-0.9847
6515,0.064,0.867,0.069,0.9502
3454,0.083,0.76,0.157,0.9985
1755,0.048,0.928,0.024,-0.8807
8920,0.151,0.787,0.062,-0.9965
2746,0.051,0.77,0.179,0.7675
3690,0.102,0.804,0.094,0.3181
6011,0.037,0.9,0.062,0.8291
2010,0.023,0.901,0.075,0.8076
7293,0.032,0.803,0.165,0.9877
16022,0.086,0.876,0.038,-0.8758
20444,0.172,0.828,0.0,-0.633
10410,0.061,0.837,0.102,0.9933
4217,0.141,0.78,0.079,-0.9787
22501,0.05,0.864,0.086,0.8177
13067,0.112,0.839,0.049,-0.9849
22352,0.132,0.737,0.131,-0.9249
3462,0.076,0.761,0.163,0.9843
8907,0.0,0.971,0.029,0.3818
21025,0.053,0.803,0.145,0.9847
20869,0.183,0.785,0.033,-0.9821
77,0.059,0.857,0.084,0.9571
22463,0.069,0.83,0.101,0.7905
20984,0.061,0.841,0.098,0.9949
3907,0.104,0.805,0.091,-0.8206
502,0.066,0.843,0.091,0.8558
2892,0.137,0.756,0.107,-0.9603
9470,0.0,0.935,0.065,0.4404
10212,0.022,0.906,0.071,0.8481
2131,0.166,0.799,0.034,-0.9953
15178,0.016,0.801,0.182,0.9877
6500,0.053,0.902,0.045,-0.9376
22818,0.091,0.814,0.096,-0.2929
12998,0.135,0.819,0.046,-0.9709
17844,0.069,0.875,0.055,-0.7786
21345,0.062,0.874,0.064,0.373
3058,0.0,0.899,0.101,0.7845
16458,0.064,0.847,0.089,0.7414
13591,0.131,0.776,0.093,-0.8779
21645,0.23,0.592,0.178,-0.2003
5734,0.119,0.721,0.16,0.9838
11886,0.008,0.913,0.079,0.8743
8282,0.099,0.817,0.084,-0.5267
9381,0.114,0.851,0.035,-0.9884
20297,0.193,0.698,0.109,-0.9902
11205,0.106,0.723,0.171,0.9591
13410,0.071,0.774,0.155,0.4019
1072,0.032,0.885,0.083,0.9472
19007,0.061,0.889,0.05,-0.0874
9911,0.112,0.879,0.009,-0.9686
18970,0.035,0.884,0.08,0.9576
17820,0.009,0.875,0.117,0.9858
3425,0.114,0.795,0.091,-0.9623
9638,0.089,0.863,0.048,-0.9888
18527,0.182,0.773,0.044,-0.9961
2285,0.109,0.824,0.067,-0.9509
19182,0.049,0.87,0.081,0.339
8140,0.042,0.884,0.074,0.9297
5832,0.164,0.752,0.084,-0.9934
11745,0.019,0.944,0.037,0.7643
13481,0.0,0.88,0.12,0.6249
9362,0.126,0.796,0.078,-0.9934
21891,0.107,0.836,0.056,-0.9136
15473,0.123,0.793,0.084,-0.996
20321,0.109,0.869,0.021,-0.9719
15609,0.134,0.851,0.015,-0.9924
9314,0.017,0.929,0.054,0.7935
12399,0.133,0.801,0.066,-0.9506
18490,0.116,0.8,0.084,-0.8349
16884,0.109,0.792,0.1,-0.1154
8385,0.083,0.771,0.146,0.9609
20665,0.019,0.926,0.055,0.8704
9942,0.105,0.823,0.071,-0.8892
22215,0.075,0.867,0.057,-0.8743
15024,0.042,0.849,0.109,0.9963
7174,0.06,0.838,0.102,0.9746
19328,0.084,0.894,0.021,-0.9948
5176,0.119,0.815,0.066,-0.9575
12915,0.105,0.857,0.039,-0.9739
9906,0.011,0.847,0.142,0.9928
19070,0.078,0.851,0.071,-0.5546
19060,0.096,0.844,0.06,-0.9818
1860,0.059,0.829,0.111,0.9886
15095,0.183,0.777,0.04,-0.7717
17875,0.048,0.898,0.054,0.8228
17856,0.092,0.825,0.083,-0.6395
3557,0.142,0.78,0.078,-0.9906
6314,0.064,0.833,0.103,0.9826
6997,0.119,0.837,0.045,-0.9852
8516,0.053,0.846,0.102,0.9801
18979,0.07,0.828,0.102,0.9749
4318,0.074,0.822,0.104,0.9464
204,0.03,0.874,0.097,0.992
14552,0.119,0.801,0.08,-0.34
4391,0.149,0.773,0.077,-0.9886
14212,0.069,0.856,0.075,0.3003
8054,0.052,0.881,0.067,0.3535
12018,0.107,0.753,0.14,0.9705
17063,0.0,0.972,0.028,0.3291
5964,0.102,0.841,0.057,-0.9585
23034,0.068,0.852,0.08,0.4378
18778,0.189,0.726,0.085,-0.9988
13094,0.011,0.895,0.094,0.9752
21058,0.109,0.871,0.021,-0.9916
641,0.129,0.825,0.045,-0.9933
13585,0.012,0.839,0.15,0.9509
7159,0.103,0.853,0.045,-0.945
9586,0.062,0.886,0.051,-0.7695
4598,0.101,0.776,0.123,0.4615
13582,0.166,0.743,0.092,-0.9807
16242,0.103,0.874,0.023,-0.93
11081,0.099,0.741,0.16,0.9962
10390,0.054,0.872,0.074,0.8658
17937,0.142,0.781,0.078,-0.9955
13235,0.131,0.821,0.048,-0.9914
7006,0.046,0.837,0.117,0.9973
2310,0.066,0.887,0.047,-0.8677
4869,0.095,0.794,0.111,0.7728
19835,0.092,0.791,0.116,0.3612
13578,0.047,0.55,0.404,0.9577
20694,0.036,0.914,0.05,0.5095
11330,0.106,0.8,0.094,-0.4417
4194,0.102,0.829,0.07,-0.9284
5900,0.046,0.833,0.121,0.9886
4516,0.182,0.738,0.079,-0.9902
17395,0.056,0.832,0.112,0.9908
4661,0.062,0.893,0.046,-0.6908
11984,0.207,0.723,0.07,-0.9858
15759,0.18,0.82,0.0,-0.9921
15009,0.059,0.827,0.114,0.8765
17325,0.179,0.821,0.0,-0.9382
8196,0.151,0.776,0.073,-0.9936
3381,0.03,0.84,0.13,0.993
13124,0.151,0.776,0.073,-0.959
4934,0.112,0.888,0.0,-0.7351
17572,0.093,0.788,0.119,0.9071
5455,0.067,0.888,0.045,-0.123
10758,0.184,0.77,0.046,-0.9766
18091,0.206,0.694,0.101,-0.8442
22998,0.075,0.867,0.057,-0.8743
16844,0.117,0.81,0.074,-0.6705
8653,0.079,0.804,0.117,0.967
11541,0.108,0.833,0.058,-0.9178
15016,0.066,0.91,0.024,-0.4767
13297,0.201,0.688,0.111,-0.5038
10949,0.169,0.744,0.087,-0.9824
14417,0.085,0.884,0.031,-0.9871
5222,0.108,0.849,0.043,-0.9842
15953,0.0,0.799,0.201,0.9442
8427,0.118,0.808,0.074,-0.987
10407,0.039,0.766,0.194,0.9933
15259,0.169,0.831,0.0,-0.9465
9784,0.141,0.726,0.133,-0.2691
15733,0.202,0.783,0.015,-0.9891
11455,0.176,0.776,0.048,-0.9976
16341,0.021,0.938,0.041,0.6476
17912,0.08,0.783,0.137,0.9826
3300,0.099,0.82,0.081,-0.6808
15882,0.025,0.875,0.1,0.9614
16367,0.129,0.778,0.093,-0.743
34,0.079,0.84,0.081,0.1978
8140,0.19,0.713,0.097,-0.9953
17473,0.063,0.837,0.1,0.9938
10626,0.051,0.849,0.1,0.974
8890,0.091,0.866,0.042,-0.9475
14418,0.152,0.733,0.115,-0.9463
15031,0.0,1.0,0.0,0.0
18053,0.195,0.736,0.069,-0.9978
13554,0.035,0.924,0.041,0.128
4067,0.046,0.764,0.19,0.997
7110,0.043,0.854,0.103,0.9678
19124,0.0,0.841,0.159,0.6249
17463,0.058,0.824,0.118,0.9887
19458,0.099,0.901,0.0,-0.3182
16224,0.185,0.722,0.093,-0.9922
4031,0.049,0.909,0.042,-0.1779
12164,0.037,0.79,0.173,0.9217
7331,0.098,0.772,0.13,0.9907
18583,0.235,0.765,0.0,-0.9607
20377,0.053,0.841,0.105,0.9072
16059,0.079,0.816,0.105,0.169
20730,0.01,0.88,0.11,0.9924
1531,0.077,0.889,0.033,-0.9851
14983,0.081,0.85,0.069,-0.8902
19385,0.094,0.826,0.08,0.194
19999,0.048,0.861,0.09,0.9018
10043,0.06,0.89,0.049,-0.4073
10182,0.099,0.783,0.117,0.9004
4392,0.157,0.776,0.066,-0.9287
17480,0.074,0.847,0.079,0.5527
9355,0.078,0.864,0.058,-0.8553
4780,0.02,0.909,0.071,0.9337
11870,0.091,0.85,0.059,-0.9321
1100,0.09,0.856,0.054,-0.9769
15400,0.0,1.0,0.0,0.0
12389,0.076,0.828,0.096,0.9634
17398,0.117,0.806,0.077,-0.2682
10026,0.023,0.848,0.129,0.9808
13726,0.168,0.787,0.045,-0.9812
807,0.101,0.741,0.157,0.9873
23346,0.289,0.625,0.087,-0.9974
9995,0.069,0.863,0.068,-0.0818
19173,0.122,0.744,0.134,-0.0021
18190,0.158,0.715,0.126,-0.9715
68,0.085,0.855,0.059,-0.9231
2257,0.082,0.796,0.121,0.9393
10215,0.288,0.712,0.0,-0.9559
9543,0.067,0.838,0.094,0.9736
20358,0.144,0.821,0.035,-0.8442
12080,0.092,0.86,0.048,-0.9163
3588,0.197,0.712,0.091,-0.997
891,0.06,0.868,0.073,0.9067
23322,0.13,0.789,0.081,-0.9997
18961,0.032,0.861,0.107,0.971
9219,0.179,0.737,0.083,-0.9931
14237,0.205,0.753,0.042,-0.9984
2777,0.074,0.879,0.047,-0.7351
9539,0.169,0.736,0.095,-0.9993
12349,0.097,0.792,0.112,0.8706
11301,0.177,0.786,0.038,-0.8591
5653,0.176,0.782,0.042,-0.9941
7002,0.038,0.758,0.204,0.9964
15723,0.025,0.885,0.091,0.95
1612,0.07,0.866,0.065,-0.8243
18245,0.023,0.918,0.059,0.492
20568,0.057,0.871,0.071,0.4391
1707,0.07,0.819,0.111,0.9762
6644,0.0,0.944,0.056,0.5106
19697,0.05,0.91,0.04,-0.4473
3435,0.024,0.745,0.232,0.9657
4937,0.13,0.796,0.074,-0.9662
11016,0.166,0.805,0.029,-0.9911
18206,0.069,0.867,0.063,-0.616
199,0.032,0.894,0.073,0.9666
8865,0.107,0.818,0.075,-0.9921
17036,0.0,0.9,0.1,0.7717
18887,0.024,0.889,0.087,0.9823
5311,0.087,0.813,0.1,0.5389
15890,0.07,0.804,0.125,0.9732
20987,0.13,0.795,0.075,-0.9935
21236,0.145,0.762,0.094,-0.9857
9206,0.079,0.857,0.064,-0.5262
19200,0.076,0.861,0.063,-0.9158
20640,0.077,0.887,0.036,-0.9595
14411,0.054,0.788,0.158,0.8716
11802,0.179,0.775,0.046,-0.9937
17617,0.055,0.863,0.081,0.7178
6058,0.059,0.831,0.11,0.9927
2382,0.04,0.866,0.094,0.6908
3341,0.07,0.893,0.036,-0.9286
1701,0.072,0.844,0.085,0.8874
5934,0.077,0.818,0.104,0.9331
10739,0.124,0.82,0.056,-0.94
2860,0.078,0.823,0.099,0.8791
2586,0.099,0.836,0.065,-0.9039
5185,0.021,0.837,0.142,0.9929
9146,0.038,0.84,0.123,0.9972
2007,0.038,0.893,0.069,0.7745
17267,0.039,0.961,0.0,-0.3612
7294,0.046,0.848,0.106,0.9904
12672,0.049,0.815,0.137,0.6908
2555,0.092,0.831,0.077,-0.708
21163,0.179,0.763,0.057,-0.9592
2256,0.053,0.913,0.034,-0.92
2129,0.077,0.839,0.084,0.2023
20451,0.146,0.806,0.047,-0.8316
17732,0.137,0.782,0.081,-0.977
13772,0.069,0.825,0.107,0.9177
261,0.023,0.799,0.178,0.9912
4669,0.0,0.954,0.046,0.4767
6673,0.025,0.89,0.085,0.9807
18523,0.127,0.796,0.077,-0.9956
3486,0.017,0.877,0.106,0.9881
3784,0.034,0.919,0.047,0.7881
16892,0.095,0.731,0.173,0.3818
734,0.0,0.91,0.09,0.7003
4006,0.088,0.827,0.085,-0.4588
23127,0.089,0.832,0.079,-0.9923
18425,0.096,0.822,0.082,-0.4453
16015,0.017,0.821,0.162,0.9925
19876,0.144,0.807,0.049,-0.9926
7015,0.028,0.902,0.071,0.926
3794,0.02,0.87,0.109,0.975
22636,0.068,0.855,0.076,0.541
21119,0.091,0.85,0.059,-0.6793
8932,0.11,0.658,0.232,0.9976
15473,0.0,0.828,0.172,0.6588
21007,0.008,0.923,0.069,0.9079
19336,0.016,0.884,0.1,0.9681
13599,0.059,0.886,0.054,-0.1531
2631,0.195,0.712,0.093,-0.9967
15437,0.055,0.89,0.055,-0.0018
1576,0.124,0.784,0.091,-0.9915
13132,0.0,0.887,0.113,0.7778
14522,0.084,0.886,0.029,-0.9287
5679,0.0,0.951,0.049,0.3818
7500,0.048,0.887,0.064,0.718
4226,0.0,0.908,0.092,0.7579
4682,0.042,0.85,0.108,0.9953
4379,0.168,0.748,0.084,-0.9951
8847,0.222,0.627,0.15,-0.9937
8601,0.062,0.828,0.11,0.9813
15046,0.149,0.795,0.056,-0.9744
9811,0.082,0.82,0.098,0.9586
20106,0.059,0.885,0.056,-0.3127
14581,0.0,1.0,0.0,0.0
2596,0.079,0.863,0.058,-0.9083
2608,0.042,0.917,0.041,-0.6486
15751,0.047,0.853,0.1,0.961
17479,0.128,0.806,0.065,-0.9452
22096,0.12,0.825,0.056,-0.992
14343,0.066,0.791,0.143,0.8932
11504,0.059,0.846,0.095,0.995
16439,0.044,0.926,0.03,-0.5968
21279,0.078,0.837,0.085,0.3745
4342,0.084,0.82,0.096,0.6096
21010,0.044,0.868,0.088,0.9643
9938,0.188,0.779,0.032,-0.9501
21830,0.143,0.791,0.066,-0.9945
17527,0.0,0.959,0.041,0.3919
22431,0.077,0.87,0.053,-0.3751
14448,0.11,0.875,0.015,-0.9786
12533,0.026,0.899,0.075,0.9665
616,0.09,0.792,0.118,0.9888
3043,0.131,0.764,0.105,-0.9274
1219,0.099,0.796,0.105,0.1352
10839,0.07,0.876,0.054,-0.5162
6232,0.066,0.87,0.063,-0.4728
17253,0.13,0.822,0.048,-0.9897
18632,0.053,0.881,0.066,0.2846
17537,0.087,0.855,0.058,-0.9532
8515,0.092,0.828,0.08,-0.8363
22647,0.092,0.834,0.074,-0.8247
249,0.11,0.836,0.054,-0.9657
22937,0.184,0.765,0.052,-0.9997
182,0.043,0.866,0.091,0.34
20894,0.212,0.737,0.052,-0.9972
3389,0.133,0.828,0.039,-0.9565
10842,0.031,0.848,0.121,0.9983
9474,0.011,0.88,0.109,0.9888
5925,0.144,0.807,0.05,-0.8537
8996,0.015,0.667,0.318,0.9735
4706,0.056,0.926,0.018,-0.5511
14021,0.04,0.837,0.123,0.9265
146,0.032,0.884,0.084,0.9404
2253,0.082,0.847,0.071,-0.577
12294,0.126,0.833,0.041,-0.9559
1149,0.08,0.781,0.138,0.9893
9484,0.075,0.758,0.167,0.9877
11954,0.138,0.862,0.0,-0.4926
17320,0.132,0.811,0.057,-0.9906
20666,0.05,0.832,0.118,0.9902
4662,0.085,0.791,0.125,0.968
10446,0.023,0.808,0.169,0.9939
16558,0.013,0.835,0.152,0.9965
16472,0.013,0.841,0.146,0.9901
203,0.016,0.911,0.072,0.5859
12804,0.032,0.862,0.106,0.9638
20385,0.091,0.85,0.059,-0.9885
7630,0.072,0.812,0.116,0.9842
11496,0.106,0.806,0.088,-0.6999
15409,0.117,0.833,0.049,-0.7516
21348,0.059,0.848,0.093,0.9792
15875,0.045,0.879,0.076,0.25
19469,0.247,0.638,0.116,-0.8355
17507,0.149,0.782,0.069,-0.9981
2133,0.098,0.74,0.162,0.9826
894,0.107,0.839,0.055,-0.8668
8918,0.083,0.84,0.077,-0.3064
19153,0.1,0.809,0.091,-0.0534
16785,0.032,0.896,0.072,0.9455
21003,0.157,0.742,0.101,-0.9908
20939,0.0,0.961,0.039,0.0772
17108,0.017,0.895,0.087,0.964
20313,0.147,0.685,0.169,0.5109
9500,0.044,0.87,0.086,0.9017
9137,0.093,0.833,0.074,-0.4051
20999,0.0,0.923,0.077,0.6036
18573,0.174,0.767,0.059,-0.9806
7086,0.013,0.867,0.12,0.8979
6995,0.075,0.881,0.044,-0.9286
20553,0.058,0.915,0.027,-0.8814
12085,0.202,0.724,0.075,-0.9624
10866,0.083,0.861,0.056,-0.8639
19873,0.109,0.687,0.204,0.5719
21779,0.167,0.753,0.081,-0.9978
17980,0.099,0.901,0.0,-0.891
17386,0.195,0.693,0.112,-0.9598
19858,0.057,0.832,0.111,0.9444
10695,0.06,0.895,0.046,-0.5516
4818,0.152,0.719,0.129,-0.9777
15962,0.13,0.845,0.025,-0.9123
17369,0.037,0.891,0.072,0.9392
106,0.077,0.872,0.05,-0.9451
4831,0.146,0.756,0.097,-0.977
9350,0.059,0.804,0.137,0.9874
6550,0.189,0.73,0.08,-0.9937
14534,0.133,0.825,0.041,-0.9381
17515,0.023,0.881,0.096,0.6478
13989,0.037,0.786,0.177,0.9929
12941,0.109,0.858,0.033,-0.9929
21440,0.0,0.896,0.104,0.9022
10109,0.045,0.897,0.058,0.6768
21116,0.165,0.786,0.049,-0.998
3529,0.123,0.813,0.064,-0.9838
4218,0.098,0.757,0.145,0.9374
21124,0.068,0.883,0.049,-0.8297
3351,0.127,0.788,0.086,-0.9178
19831,0.121,0.813,0.065,-0.8255
10882,0.047,0.93,0.023,-0.7776
2,0.049,0.907,0.044,-0.6808
16685,0.106,0.819,0.074,-0.7357
14388,0.0,0.947,0.053,0.25
2932,0.187,0.667,0.146,-0.9694
920,0.149,0.755,0.096,-0.9807
15940,0.113,0.836,0.051,-0.7351
4158,0.094,0.763,0.143,0.979
10719,0.121,0.719,0.161,0.921
17944,0.097,0.809,0.094,-0.3575
20266,0.175,0.789,0.035,-0.8623
16212,0.055,0.791,0.154,0.9872
16973,0.0,0.658,0.342,0.6892
11277,0.106,0.876,0.018,-0.9652
21716,0.103,0.806,0.091,-0.9099
18348,0.052,0.888,0.059,-0.0516
13530,0.145,0.805,0.049,-0.9944
18062,0.133,0.763,0.105,-0.9857
1404,0.044,0.872,0.084,0.34
19944,0.058,0.847,0.094,0.933
9604,0.0,0.972,0.028,0.4019
7345,0.135,0.765,0.101,-0.9706
20705,0.127,0.789,0.083,-0.9782
5049,0.121,0.766,0.113,-0.8144
7141,0.08,0.815,0.105,0.9021
11495,0.052,0.791,0.157,0.9758
8169,0.044,0.84,0.116,0.9715
20296,0.0,0.939,0.061,0.7579
165,0.015,0.908,0.078,0.9745
11630,0.06,0.85,0.089,0.8825
21888,0.114,0.759,0.127,0.7043
18130,0.062,0.915,0.023,-0.8591
14239,0.051,0.93,0.019,-0.4215
20454,0.174,0.79,0.036,-0.9951
18982,0.121,0.799,0.08,-0.9941
3024,0.083,0.81,0.108,0.9449
863,0.052,0.885,0.062,0.6492
18231,0.209,0.74,0.051,-0.9984
15474,0.034,0.966,0.0,-0.3612
20773,0.019,0.933,0.047,0.3926
21106,0.176,0.77,0.054,-0.9928
5165,0.105,0.808,0.087,-0.9373
3561,0.143,0.8,0.058,-0.9911
3757,0.042,0.909,0.049,0.5058
18693,0.159,0.841,0.0,-0.9839
17755,0.028,0.836,0.136,0.9887
10180,0.071,0.761,0.168,0.9985
66,0.033,0.917,0.05,0.6428
4399,0.109,0.835,0.055,-0.9867
22768,0.026,0.886,0.088,0.8938
19305,0.081,0.823,0.095,0.6634
5543,0.168,0.786,0.046,-0.9949
18086,0.039,0.902,0.059,0.9393
8035,0.038,0.81,0.152,0.995
21158,0.03,0.854,0.117,0.9822
3370,0.108,0.809,0.084,-0.9619
75,0.07,0.828,0.101,0.9639
3547,0.11,0.775,0.115,0.0151
20413,0.028,0.823,0.15,0.9949
9972,0.081,0.785,0.134,0.5106
3744,0.112,0.816,0.073,-0.91
18007,0.042,0.888,0.07,0.9374
4429,0.019,0.919,0.062,0.8898
7683,0.081,0.801,0.118,0.9456
2066,0.055,0.881,0.063,0.627
9304,0.159,0.809,0.032,-0.9935
23282,0.037,0.865,0.098,0.9814
1233,0.083,0.846,0.071,-0.8176
13273,0.133,0.828,0.04,-0.9811
13931,0.045,0.859,0.095,0.9423
15335,0.132,0.817,0.051,-0.9205
8807,0.055,0.844,0.101,0.9647
12615,0.111,0.866,0.023,-0.9914
4041,0.063,0.871,0.066,-0.0231
5154,0.12,0.835,0.045,-0.9451
19023,0.071,0.908,0.022,-0.7184
17558,0.081,0.826,0.094,0.3901
1322,0.091,0.841,0.068,-0.938
5929,0.038,0.872,0.09,0.9793
5798,0.038,0.89,0.073,0.9167
307,0.066,0.841,0.092,0.9423
1302,0.094,0.809,0.097,0.168
4703,0.045,0.865,0.09,0.9733
703,0.113,0.843,0.044,-0.9799
2484,0.045,0.852,0.104,0.9629
6949,0.066,0.853,0.081,0.5574
3048,0.047,0.872,0.081,0.5509
8942,0.077,0.806,0.117,0.1027
515,0.062,0.819,0.119,0.8128
5983,0.035,0.876,0.088,0.9714
7863,0.005,0.922,0.073,0.9774
12308,0.168,0.78,0.052,-0.9564
2936,0.078,0.846,0.076,-0.4618
10895,0.036,0.865,0.099,0.9623
3973,0.0,0.974,0.026,0.4019
16617,0.015,0.898,0.086,0.9818
13600,0.105,0.755,0.14,0.296
19126,0.033,0.832,0.135,0.9908
19759,0.117,0.747,0.136,0.7863
15816,0.085,0.832,0.084,0.8271
19976,0.017,0.948,0.035,0.379
13256,0.102,0.852,0.045,-0.7717
18717,0.044,0.84,0.116,0.9794
16434,0.085,0.826,0.089,0.1263
5848,0.022,0.95,0.027,0.4404
18385,0.247,0.753,0.0,-0.9774
53,0.139,0.762,0.098,-0.9727
773,0.052,0.839,0.109,0.9935
20,0.052,0.844,0.104,0.9782
8281,0.014,0.868,0.118,0.9976
5422,0.133,0.783,0.084,-0.9838
8187,0.097,0.813,0.089,-0.228
4030,0.119,0.814,0.068,-0.9729
9223,0.048,0.888,0.065,0.9168
10596,0.044,0.874,0.082,0.9906
16935,0.0,0.93,0.07,0.5994
4880,0.0,0.88,0.12,0.8555
22781,0.074,0.81,0.116,0.9933
15290,0.0,0.879,0.121,0.9509
17740,0.041,0.838,0.121,0.9808
12599,0.143,0.794,0.062,-0.5837
2326,0.103,0.766,0.131,0.9574
8127,0.068,0.712,0.22,0.9942
16349,0.122,0.808,0.069,-0.8066
4728,0.0,0.988,0.012,0.0644
14317,0.091,0.751,0.158,0.946
11044,0.017,0.885,0.098,0.9968
16062,0.126,0.807,0.068,-0.9255
1246,0.073,0.836,0.091,0.7634
4929,0.121,0.841,0.037,-0.9907
15664,0.052,0.853,0.095,0.891
16060,0.065,0.835,0.1,0.9097
4812,0.076,0.806,0.119,0.9053
10307,0.068,0.831,0.1,0.9783
5975,0.074,0.828,0.098,0.9314
17453,0.052,0.826,0.123,0.9752
3733,0.048,0.85,0.102,0.988
14803,0.118,0.735,0.147,0.8553
14002,0.256,0.692,0.051,-0.9703
16832,0.109,0.785,0.106,-0.7036
20743,0.163,0.734,0.103,-0.895
18645,0.105,0.71,0.186,0.9845
2378,0.035,0.872,0.094,0.9514
22221,0.131,0.795,0.074,-0.9998
15101,0.026,0.851,0.123,0.998
4523,0.151,0.766,0.084,-0.9891
7285,0.062,0.825,0.113,0.9828
21958,0.028,0.859,0.113,0.9531
7880,0.069,0.803,0.128,0.9555
21831,0.056,0.824,0.12,0.9957
7387,0.105,0.828,0.067,-0.9273
1018,0.0,0.915,0.085,0.5994
23348,0.023,0.838,0.139,0.9653
8655,0.101,0.783,0.116,0.7753
4413,0.084,0.82,0.096,0.6096
16432,0.102,0.84,0.059,-0.9752
10427,0.024,0.901,0.075,0.9917
6280,0.0,0.939,0.061,0.6705
3530,0.032,0.853,0.115,0.994
16463,0.0,0.829,0.171,0.857
2867,0.109,0.774,0.118,0.7844
7716,0.041,0.899,0.061,0.8123
12677,0.098,0.675,0.226,0.5499
6505,0.049,0.931,0.02,-0.4505
12087,0.091,0.843,0.066,-0.8963
20386,0.051,0.82,0.13,0.9798
9305,0.051,0.894,0.054,-0.3826
20090,0.038,0.93,0.032,-0.296
9128,0.056,0.87,0.074,0.9498
310,0.117,0.817,0.066,-0.9799
12498,0.074,0.782,0.144,0.9881
12965,0.087,0.86,0.054,-0.8399
20346,0.205,0.73,0.064,-0.9952
19583,0.141,0.77,0.089,-0.9644
9903,0.056,0.872,0.072,0.8591
23059,0.087,0.824,0.09,0.9485
210,0.067,0.824,0.109,0.9853
3649,0.102,0.819,0.079,-0.8271
15437,0.115,0.838,0.047,-0.9855
8832,0.058,0.873,0.069,0.586
6883,0.038,0.903,0.059,0.6141
5693,0.096,0.827,0.077,-0.9449
3475,0.026,0.888,0.086,0.9569
21259,0.081,0.9,0.019,-0.4939
21195,0.1,0.817,0.083,-0.8968
529,0.156,0.731,0.113,-0.9799
391,0.028,0.913,0.059,0.8603
8658,0.084,0.842,0.073,-0.5549
1903,0.04,0.846,0.115,0.9895
5796,0.063,0.838,0.099,0.9724
22245,0.096,0.877,0.027,-0.7438
9998,0.095,0.852,0.053,-0.9841
5042,0.0,0.92,0.08,0.7003
4445,0.026,0.925,0.049,0.7579
10366,0.044,0.844,0.112,0.9042
1598,0.039,0.857,0.104,0.9877
15891,0.162,0.807,0.031,-0.991
20318,0.138,0.761,0.101,-0.9698
2062,0.045,0.901,0.054,0.4464
9060,0.047,0.88,0.073,0.941
16644,0.04,0.909,0.051,0.2204
17305,0.064,0.83,0.106,0.9586
6814,0.019,0.924,0.057,0.875
1286,0.046,0.865,0.089,0.9735
13890,0.138,0.766,0.096,-0.9624
9815,0.056,0.9,0.043,-0.644
19736,0.051,0.86,0.089,0.8193
6452,0.077,0.877,0.046,-0.8048
4832,0.062,0.855,0.084,0.8355
2082,0.074,0.846,0.08,0.3736
5047,0.151,0.782,0.067,-0.9325
4324,0.042,0.805,0.153,0.8807
23460,0.101,0.83,0.069,-0.9988
8619,0.049,0.846,0.105,0.9828
1757,0.072,0.874,0.055,-0.9424
12046,0.095,0.838,0.067,-0.7683
10457,0.025,0.933,0.042,0.8271
4367,0.193,0.712,0.095,-0.9969
19103,0.02,0.928,0.052,0.4789
7164,0.134,0.828,0.038,-0.9856
13213,0.097,0.874,0.029,-0.6734
7577,0.017,0.964,0.019,0.0
10528,0.058,0.856,0.086,0.34
12159,0.057,0.85,0.093,0.9423
15011,0.217,0.615,0.168,0.1007
13035,0.072,0.892,0.037,-0.8606
2979,0.086,0.75,0.164,0.9847
886,0.042,0.852,0.106,0.9703
6727,0.086,0.884,0.031,-0.9677
15711,0.052,0.884,0.063,0.7178
20734,0.114,0.776,0.11,-0.327
19889,0.08,0.822,0.098,0.6896
10443,0.049,0.883,0.068,0.7663
671,0.137,0.807,0.056,-0.9885
13861,0.217,0.733,0.049,-0.9184
12613,0.085,0.836,0.08,-0.5775
1252,0.077,0.823,0.1,0.1068
16321,0.087,0.761,0.152,0.9578
6932,0.076,0.82,0.104,0.9718
23209,0.087,0.81,0.103,0.7289
2726,0.139,0.806,0.055,-0.9903
20910,0.0,1.0,0.0,0.0
12702,0.07,0.811,0.119,0.8677
15122,0.015,0.744,0.241,0.9595
183,0.034,0.953,0.013,-0.3204
21259,0.183,0.735,0.082,-0.9968
4973,0.099,0.82,0.081,-0.9207
18829,0.104,0.766,0.131,0.9108
4004,0.067,0.829,0.103,0.9491
12024,0.093,0.81,0.097,0.5362
7575,0.061,0.873,0.067,0.7296
15643,0.055,0.791,0.154,0.9995
19926,0.114,0.809,0.077,-0.9522
10519,0.068,0.877,0.055,-0.5106
3234,0.082,0.804,0.114,0.7933
2957,0.119,0.771,0.11,-0.8653
15657,0.043,0.882,0.075,0.8968
7437,0.029,0.783,0.187,0.9323
16973,0.144,0.796,0.06,-0.9938
8971,0.116,0.789,0.094,-0.9717
13843,0.0,0.848,0.152,0.3987
10516,0.096,0.806,0.098,-0.3513
12836,0.129,0.778,0.093,-0.743
13512,0.135,0.811,0.054,-0.984
253,0.103,0.777,0.12,0.9134
17433,0.039,0.817,0.144,0.9981
9035,0.11,0.788,0.102,-0.8229
16309,0.169,0.764,0.067,-0.9946
7265,0.04,0.92,0.04,-0.2617
14509,0.072,0.885,0.043,-0.7269
13526,0.019,0.848,0.133,0.9922
15691,0.012,0.934,0.054,0.7717
6207,0.021,0.809,0.17,0.9531
10384,0.12,0.744,0.136,0.7859
17830,0.103,0.842,0.055,-0.977
19152,0.098,0.826,0.076,-0.869
15675,0.062,0.851,0.087,0.9564
20442,0.109,0.875,0.017,-0.9792
18552,0.126,0.748,0.126,-0.0788
8724,0.117,0.795,0.088,-0.9914
10384,0.042,0.858,0.1,0.9878
17639,0.116,0.802,0.083,-0.8056
22929,0.034,0.872,0.094,0.6597
1129,0.09,0.833,0.077,-0.6527
11207,0.077,0.852,0.071,-0.0959
22866,0.156,0.772,0.072,-0.9985
11246,0.132,0.791,0.077,-0.8426
9142,0.073,0.854,0.073,0.6207
13453,0.079,0.785,0.136,0.9812
23075,0.065,0.868,0.067,-0.2728
11470,0.067,0.812,0.12,0.9785
17851,0.082,0.886,0.032,-0.9777
17827,0.091,0.791,0.119,-0.1027
20357,0.19,0.744,0.067,-0.9924
11219,0.0,0.92,0.08,0.7579
1961,0.138,0.76,0.102,-0.9899
6048,0.1,0.788,0.112,0.0772
19214,0.027,0.871,0.102,0.8353
23202,0.105,0.83,0.065,-0.9695
15161,0.0,0.857,0.143,0.6124
1226,0.092,0.842,0.066,-0.793
12803,0.153,0.782,0.065,-0.9972
16672,0.126,0.784,0.09,-0.5994
19282,0.102,0.823,0.075,-0.8679
9730,0.177,0.756,0.067,-0.9949
9138,0.092,0.84,0.068,-0.939
12479,0.139,0.861,0.0,-0.5951
4008,0.125,0.747,0.128,0.1317
8601,0.11,0.822,0.069,-0.9439
8262,0.157,0.753,0.089,-0.9976
11393,0.103,0.801,0.096,-0.8183
8245,0.021,0.915,0.064,0.9387
1513,0.05,0.903,0.046,-0.1154
1674,0.045,0.896,0.059,0.0772
23277,0.033,0.826,0.14,0.9563
7883,0.142,0.828,0.03,-0.992
19872,0.0,0.909,0.091,0.7089
1221,0.048,0.822,0.13,0.9815
16071,0.068,0.831,0.1,0.7374
18928,0.114,0.787,0.099,-0.2827
9947,0.041,0.84,0.118,0.996
10987,0.102,0.849,0.049,-0.9931
20511,0.057,0.869,0.074,0.719
15648,0.022,0.911,0.067,0.9493
19170,0.0,1.0,0.0,0.0
9642,0.07,0.807,0.123,0.9001
16133,0.032,0.921,0.047,0.7416
14675,0.063,0.838,0.099,0.9244
15596,0.085,0.782,0.133,0.9397
1140,0.0,0.904,0.096,0.7906
18664,0.146,0.834,0.019,-0.9882
18185,0.071,0.83,0.099,0.9576
2783,0.047,0.838,0.115,0.9785
3841,0.0,1.0,0.0,0.0
3964,0.081,0.857,0.062,-0.1531
20621,0.029,0.841,0.13,0.9963
20810,0.064,0.831,0.105,0.9674
6007,0.226,0.705,0.069,-0.9988
22910,0.131,0.75,0.119,-0.847
2275,0.103,0.731,0.166,0.9793
9340,0.064,0.802,0.134,0.9721
10675,0.044,0.853,0.103,0.9996
18380,0.065,0.877,0.058,-0.8929
7844,0.097,0.825,0.078,-0.8999
10605,0.165,0.723,0.112,-0.9598
1599,0.079,0.782,0.139,0.9856
11492,0.0,1.0,0.0,0.0
8302,0.062,0.857,0.081,0.9238
17951,0.094,0.871,0.035,-0.9422
6510,0.021,0.913,0.066,0.886
20533,0.083,0.788,0.129,0.9451
16940,0.106,0.894,0.0,-0.6808
589,0.026,0.818,0.156,0.9983
15238,0.099,0.796,0.105,-0.0534
18179,0.153,0.715,0.132,-0.9637
17244,0.067,0.888,0.045,-0.9619
15322,0.045,0.955,0.0,-0.6705
6206,0.179,0.699,0.122,-0.9796
11838,0.112,0.748,0.14,0.9652
13728,0.045,0.808,0.147,0.9964
14931,0.114,0.829,0.057,-0.9811
13337,0.143,0.803,0.055,-0.8534
21153,0.063,0.82,0.117,0.9643
19833,0.028,0.926,0.046,0.9416
7273,0.055,0.851,0.094,0.9116
12165,0.105,0.737,0.158,0.8693
14974,0.086,0.824,0.09,-0.5742
5244,0.33,0.67,0.0,-0.969
14774,0.111,0.793,0.096,-0.9934
12908,0.028,0.88,0.092,0.6808
447,0.068,0.814,0.118,0.9889
18806,0.101,0.804,0.094,-0.7702
21235,0.142,0.76,0.098,-0.9971
1664,0.023,0.935,0.041,0.6242
5594,0.052,0.831,0.118,0.9147
4663,0.015,0.9,0.085,0.8221
20075,0.117,0.691,0.191,0.9402
22608,0.011,0.875,0.114,0.9585
13794,0.075,0.815,0.11,0.9214
6158,0.057,0.785,0.158,0.9769
4432,0.045,0.837,0.118,0.9705
5319,0.118,0.812,0.07,-0.9932
5627,0.108,0.833,0.059,-0.9587
11964,0.081,0.774,0.145,0.9579
16202,0.0,0.879,0.121,0.9517
7045,0.075,0.885,0.04,-0.9215
2998,0.05,0.879,0.071,0.9134
13266,0.175,0.825,0.0,-0.8868
5845,0.13,0.781,0.089,-0.9918
20493,0.081,0.879,0.041,-0.7511
3086,0.063,0.846,0.092,0.6997
22138,0.065,0.867,0.068,-0.1459
9141,0.14,0.75,0.11,-0.974
827,0.166,0.756,0.078,-0.994
13405,0.077,0.852,0.071,-0.552
238,0.077,0.813,0.11,0.8837
15355,0.0,0.835,0.165,0.8658
23095,0.058,0.932,0.011,-0.8555
618,0.132,0.77,0.098,-0.875
2472,0.087,0.802,0.111,0.8186
12040,0.07,0.866,0.064,-0.4103
3529,0.059,0.804,0.136,0.9651
6410,0.037,0.916,0.047,0.4803
12596,0.022,0.907,0.071,0.8807
13873,0.069,0.875,0.055,-0.9538
5805,0.022,0.912,0.066,0.9648
4538,0.126,0.799,0.075,-0.9673
2428,0.084,0.874,0.042,-0.9045
12573,0.115,0.724,0.162,0.2373
22139,0.173,0.759,0.068,-0.9998
1936,0.086,0.83,0.084,-0.7067
19946,0.114,0.834,0.052,-0.7705
2357,0.114,0.843,0.043,-0.9744
15300,0.0,0.94,0.06,0.936
2955,0.052,0.922,0.026,-0.4019
8366,0.129,0.833,0.038,-0.9942
22839,0.023,0.916,0.061,0.7828
1678,0.037,0.861,0.102,0.9777
1925,0.048,0.875,0.076,0.9811
17613,0.083,0.783,0.134,0.9713
508,0.16,0.79,0.05,-0.9882
5824,0.113,0.855,0.032,-0.9927
20653,0.163,0.811,0.027,-0.9943
10687,0.042,0.898,0.06,0.7627
14159,0.089,0.869,0.042,-0.926
19486,0.072,0.86,0.069,-0.1643
14148,0.0,1.0,0.0,0.0
15910,0.27,0.705,0.025,-0.9393
2094,0.079,0.815,0.106,0.9746
14464,0.069,0.866,0.065,0.0593
10316,0.221,0.769,0.01,-0.997
201,0.039,0.885,0.075,0.9473
8098,0.115,0.808,0.076,-0.9732
2856,0.098,0.784,0.118,0.8691
10002,0.065,0.808,0.128,0.9942
9136,0.052,0.787,0.161,0.994
21350,0.145,0.785,0.07,-0.9945
20155,0.08,0.857,0.063,-0.4556
393,0.099,0.901,0.0,-0.7689
1836,0.05,0.851,0.099,0.9592
1696,0.0,0.667,0.333,0.8395
10780,0.129,0.819,0.052,-0.9593
3434,0.049,0.874,0.077,0.6369
11666,0.113,0.798,0.089,-0.8859
3730,0.068,0.818,0.114,0.9829
5055,0.012,0.903,0.086,0.9782
20391,0.106,0.857,0.037,-0.9945
9857,0.053,0.902,0.044,-0.5401
5044,0.076,0.85,0.074,-0.3222
1163,0.094,0.837,0.069,-0.4019
8699,0.05,0.91,0.04,-0.8122
14897,0.205,0.716,0.08,-0.9997
7773,0.121,0.75,0.129,-0.8544
22389,0.052,0.763,0.185,0.9008
22238,0.052,0.868,0.08,0.9903
5672,0.061,0.859,0.08,0.5789
9573,0.085,0.792,0.123,0.9308
12753,0.1,0.815,0.085,-0.9067
8931,0.044,0.878,0.078,0.8689
3686,0.116,0.764,0.12,-0.1008
17327,0.0,0.919,0.081,0.6369
19559,0.079,0.833,0.088,0.4664
9852,0.144,0.78,0.075,-0.9658
10617,0.021,0.911,0.068,0.6124
13943,0.081,0.835,0.084,-0.404
18662,0.076,0.792,0.133,0.9679
6761,0.098,0.844,0.057,-0.8868
3784,0.044,0.956,0.0,-0.4215
14212,0.244,0.756,0.0,-0.4973
4198,0.183,0.761,0.055,-0.8118
5445,0.077,0.832,0.092,0.796
20397,0.116,0.774,0.11,-0.4077
1540,0.049,0.827,0.123,0.9783
8281,0.12,0.743,0.138,-0.5062
281,0.066,0.841,0.093,0.9708
9878,0.074,0.875,0.05,-0.3612
13439,0.138,0.75,0.112,0.2064
14235,0.021,0.908,0.071,0.9691
13318,0.105,0.686,0.21,0.7641
12126,0.076,0.838,0.086,0.5057
1712,0.116,0.823,0.061,-0.9706
17517,0.0,0.857,0.143,0.8979
4675,0.04,0.902,0.059,0.9137
15353,0.052,0.815,0.133,0.9929
16695,0.146,0.785,0.069,-0.9905
18845,0.202,0.781,0.017,-0.9816
12190,0.069,0.702,0.229,0.9815
413,0.097,0.813,0.09,0.7295
11703,0.095,0.844,0.061,-0.9618
18261,0.031,0.886,0.083,0.9551
20816,0.046,0.883,0.071,0.2579
7288,0.065,0.764,0.171,0.959
15918,0.07,0.8,0.13,0.9149
15214,0.0,0.357,0.643,0.8953
11199,0.083,0.728,0.189,0.9823
17959,0.029,0.909,0.062,0.2716
4620,0.051,0.838,0.11,0.6339
21158,0.183,0.744,0.073,-0.9988
19259,0.0,0.763,0.237,0.985
23172,0.052,0.763,0.185,0.9008
5419,0.059,0.902,0.038,-0.8765
12386,0.169,0.821,0.01,-0.9712
6533,0.024,0.858,0.118,0.9345
12848,0.111,0.818,0.07,-0.5818
12166,0.044,0.859,0.097,0.8955
13633,0.044,0.78,0.176,0.497
20261,0.042,0.799,0.159,0.8885
6141,0.055,0.869,0.076,0.8151
17734,0.135,0.773,0.092,-0.9948
16025,0.046,0.767,0.187,0.9788
13154,0.052,0.869,0.079,0.9174
6560,0.088,0.898,0.014,-0.8625
22067,0.114,0.741,0.145,0.9955
3509,0.071,0.82,0.108,0.9889
7657,0.029,0.892,0.078,0.9734
15703,0.142,0.835,0.022,-0.9891
8713,0.054,0.837,0.109,0.9571
19120,0.06,0.85,0.089,0.8825
13280,0.046,0.858,0.096,0.9795
8381,0.079,0.803,0.118,0.9893
4328,0.053,0.881,0.066,0.5944
970,0.032,0.91,0.058,0.9032
10577,0.083,0.842,0.075,-0.8873
17413,0.041,0.733,0.226,0.9994
2171,0.108,0.796,0.096,0.4912
18132,0.178,0.769,0.053,-0.9985
9448,0.037,0.844,0.119,0.9731
8904,0.135,0.756,0.109,-0.6249
22395,0.101,0.796,0.104,0.3269
1150,0.099,0.816,0.085,-0.6497
18468,0.158,0.755,0.087,-0.9941
7190,0.086,0.768,0.147,0.9939
18156,0.168,0.764,0.068,-0.9939
6556,0.082,0.851,0.066,-0.8194
7182,0.112,0.866,0.022,-0.9943
14983,0.068,0.869,0.064,-0.5588
18964,0.134,0.812,0.053,-0.9608
6410,0.073,0.823,0.103,0.9485
18707,0.076,0.89,0.034,-0.874
19720,0.083,0.883,0.034,-0.9697
9536,0.093,0.817,0.09,-0.6707
992,0.152,0.776,0.073,-0.9871
17874,0.106,0.812,0.081,-0.9723
5359,0.122,0.802,0.076,-0.9918
17831,0.054,0.795,0.151,0.9978
5978,0.041,0.816,0.143,0.9906
19532,0.093,0.836,0.072,-0.2617
4844,0.081,0.846,0.073,-0.4175
8748,0.106,0.749,0.145,0.9742
17072,0.113,0.783,0.104,-0.7616
7594,0.078,0.816,0.106,0.9687
13941,0.077,0.861,0.062,-0.8694
13826,0.087,0.831,0.083,-0.0097
3939,0.026,0.927,0.047,0.3818
20859,0.136,0.804,0.061,-0.9873
7171,0.197,0.732,0.071,-0.9982
11483,0.185,0.735,0.079,-0.8367
18147,0.104,0.826,0.07,-0.9925
21160,0.085,0.821,0.094,0.8928
20021,0.102,0.828,0.07,-0.985
2242,0.04,0.908,0.052,0.5413
8428,0.027,0.915,0.058,0.9009
2737,0.044,0.932,0.024,-0.25
16382,0.089,0.848,0.063,-0.2023
22661,0.05,0.839,0.111,0.9286
2611,0.205,0.671,0.124,-0.9989
23228,0.108,0.792,0.1,-0.8771
15422,0.132,0.803,0.066,-0.9384
20119,0.0,0.904,0.096,0.9422
4876,0.086,0.863,0.051,-0.891
8303,0.132,0.783,0.086,-0.9692
2009,0.036,0.915,0.049,0.4019
13198,0.077,0.851,0.071,-0.5856
1019,0.058,0.877,0.066,0.345
4161,0.048,0.886,0.066,0.686
556,0.07,0.846,0.085,0.3322
2390,0.034,0.905,0.061,0.8815
4515,0.051,0.885,0.064,0.0
5461,0.052,0.862,0.086,0.9861
19583,0.147,0.838,0.015,-0.9934
6913,0.0,0.971,0.029,0.6486
12738,0.202,0.722,0.076,-0.9993
8368,0.028,0.856,0.117,0.9692
9742,0.016,0.883,0.101,0.9726
13690,0.151,0.842,0.007,-0.9953
1151,0.057,0.816,0.127,0.992
17573,0.089,0.83,0.08,-0.3167
22804,0.097,0.828,0.074,-0.9971
11776,0.202,0.688,0.11,-0.964
2449,0.069,0.788,0.143,0.9813
19474,0.0,1.0,0.0,0.0
14279,0.193,0.751,0.056,-0.9959
12984,0.043,0.839,0.118,0.9855
7729,0.036,0.841,0.124,0.9862
4001,0.073,0.792,0.135,0.9872
13482,0.0,0.962,0.038,0.2023
10112,0.148,0.802,0.05,-0.9835
9412,0.097,0.768,0.135,0.9215
8804,0.097,0.818,0.085,-0.3
20302,0.102,0.843,0.055,-0.9476
14883,0.128,0.811,0.061,-0.9687
3201,0.065,0.832,0.103,0.9524
5535,0.02,0.923,0.057,0.6597
21797,0.132,0.643,0.225,0.9789
15954,0.031,0.819,0.15,0.9942
12293,0.052,0.927,0.021,-0.9606
2597,0.053,0.905,0.042,-0.9246
16934,0.086,0.875,0.04,-0.9859
16177,0.05,0.863,0.087,0.8499
9731,0.087,0.792,0.121,0.9993
4921,0.104,0.865,0.032,-0.7096
763,0.046,0.898,0.057,0.7096
12879,0.147,0.76,0.093,-0.9191
8913,0.051,0.832,0.118,0.5106
5773,0.058,0.864,0.078,0.8085
9420,0.06,0.867,0.074,0.7214
21034,0.056,0.861,0.084,0.707
10609,0.068,0.797,0.135,0.9972
6891,0.026,0.897,0.077,0.5859
234,0.13,0.796,0.074,-0.9915
17579,0.111,0.717,0.171,0.5279
22038,0.042,0.874,0.084,0.829
2733,0.036,0.882,0.082,0.7506
15548,0.088,0.808,0.104,-0.5136
9334,0.032,0.922,0.046,0.6532
8920,0.043,0.844,0.113,0.9765
594,0.098,0.827,0.075,-0.9215
7713,0.054,0.838,0.109,0.9977
15770,0.195,0.693,0.112,-0.9598
12962,0.04,0.886,0.074,0.8622
13684,0.243,0.656,0.102,-0.5106
20983,0.146,0.784,0.07,-0.9664
4738,0.112,0.823,0.065,-0.9538
6199,0.225,0.716,0.059,-0.9986
9495,0.057,0.862,0.081,0.8824
1865,0.062,0.882,0.057,-0.1226
19917,0.122,0.749,0.129,-0.3903
4900,0.071,0.858,0.071,0.1513
19793,0.087,0.859,0.054,-0.4588
331,0.031,0.728,0.241,0.9769
18919,0.047,0.905,0.048,0.4799
14962,0.067,0.805,0.128,0.9935
9452,0.101,0.816,0.083,-0.9272
21441,0.055,0.836,0.109,0.9856
4238,0.061,0.828,0.111,0.9345
7571,0.0,0.883,0.117,0.946
22061,0.032,0.834,0.133,0.9899
8938,0.136,0.805,0.059,-0.9893
12140,0.137,0.763,0.1,-0.9473
4669,0.082,0.823,0.095,0.8771
4506,0.069,0.852,0.079,0.5483
13936,0.095,0.799,0.106,-0.7825
14709,0.032,0.9,0.068,0.871
1591,0.058,0.844,0.098,0.9857
6337,0.151,0.744,0.105,-0.9748
5008,0.017,0.867,0.116,0.9861
16626,0.077,0.816,0.107,0.8084
17106,0.146,0.718,0.136,-0.3382
12100,0.042,0.829,0.13,0.9912
21278,0.112,0.817,0.071,-0.9895
14146,0.054,0.864,0.081,0.9156
2132,0.115,0.823,0.062,-0.9973
14449,0.062,0.921,0.017,-0.6124
9024,0.076,0.864,0.06,-0.8254
2304,0.134,0.784,0.082,-0.9839
9331,0.09,0.846,0.063,-0.978
20226,0.01,0.906,0.084,0.807
17599,0.029,0.866,0.105,0.5859
4626,0.086,0.806,0.109,0.5293
15076,0.09,0.822,0.087,0.1548
23442,0.0,0.918,0.082,0.4767
4685,0.153,0.8,0.047,-0.9933
7383,0.152,0.75,0.098,-0.9863
12099,0.051,0.868,0.08,0.9864
16216,0.0,1.0,0.0,0.0
330,0.123,0.74,0.136,0.9291
11696,0.115,0.797,0.088,-0.9175
5906,0.163,0.73,0.107,-0.9974
10403,0.069,0.898,0.033,-0.743
13979,0.117,0.781,0.102,0.3804
4940,0.0,0.963,0.037,0.4576
1967,0.066,0.891,0.043,-0.8748
2854,0.132,0.766,0.102,-0.9886
468,0.046,0.841,0.113,0.9842
20374,0.177,0.772,0.051,-0.9984
4790,0.132,0.766,0.102,-0.9118
14345,0.087,0.817,0.097,0.8514
15840,0.0,1.0,0.0,0.0
5487,0.072,0.83,0.098,0.9765
2274,0.062,0.82,0.118,0.9853
12833,0.191,0.726,0.083,-0.9958
3071,0.04,0.92,0.04,0.0
20402,0.16,0.782,0.059,-0.9907
13280,0.117,0.824,0.059,-0.9891
6978,0.05,0.82,0.13,0.9821
6241,0.088,0.832,0.08,-0.716
4439,0.027,0.852,0.121,0.9964
17625,0.161,0.767,0.072,-0.9915
7203,0.0,0.886,0.114,0.855
12211,0.024,0.875,0.101,0.8586
2607,0.07,0.763,0.167,0.991
8032,0.072,0.893,0.035,-0.642
17921,0.09,0.881,0.03,-0.7845
8939,0.138,0.792,0.069,-0.764
1692,0.0,0.915,0.085,0.7269
7044,0.069,0.897,0.034,-0.9589
10106,0.079,0.831,0.091,0.9084
13895,0.117,0.803,0.08,-0.8994
3498,0.08,0.851,0.069,-0.6677
11096,0.015,0.889,0.096,0.9876
19148,0.035,0.861,0.104,0.6369
19715,0.103,0.815,0.082,-0.6398
17658,0.007,0.877,0.116,0.9719
11938,0.045,0.814,0.141,0.7459
7348,0.081,0.745,0.174,0.9957
4570,0.105,0.842,0.053,-0.9571
4015,0.028,0.845,0.128,0.9942
19408,0.043,0.866,0.091,0.8402
9140,0.064,0.876,0.059,-0.1027
16654,0.103,0.83,0.068,-0.9527
11927,0.044,0.901,0.055,0.2732
10643,0.054,0.846,0.099,0.995
1904,0.086,0.794,0.12,0.965
13381,0.044,0.899,0.057,0.6209
21729,0.158,0.818,0.024,-0.9898
11346,0.145,0.783,0.072,-0.9927
16016,0.0,0.926,0.074,0.6369
20811,0.12,0.829,0.051,-0.9786
5138,0.047,0.905,0.048,0.124
17151,0.08,0.831,0.088,0.5491
6722,0.035,0.902,0.063,0.8692
681,0.035,0.965,0.0,-0.296
11198,0.172,0.7,0.129,-0.9836
2304,0.053,0.886,0.061,0.0
15005,0.158,0.792,0.05,-0.9957
11170,0.143,0.811,0.046,-0.9937
6268,0.061,0.842,0.097,0.9445
19937,0.275,0.586,0.138,-0.9105
14117,0.027,0.687,0.286,0.8801
14737,0.118,0.861,0.021,-0.9837
13103,0.072,0.802,0.125,0.6997
14454,0.103,0.831,0.066,-0.0644
1159,0.099,0.807,0.094,-0.4767
11473,0.105,0.814,0.08,-0.9735
16237,0.073,0.898,0.029,-0.9522
18767,0.173,0.718,0.108,-0.9886
4409,0.104,0.79,0.106,-0.5996
19713,0.085,0.873,0.043,-0.9062
10278,0.103,0.878,0.019,-0.9988
13260,0.057,0.898,0.045,-0.128
14446,0.144,0.725,0.131,-0.8972
11890,0.039,0.883,0.078,0.891
11315,0.029,0.878,0.093,0.9702
5168,0.137,0.797,0.066,-0.9921
19237,0.0,1.0,0.0,0.0
10927,0.165,0.766,0.069,-0.9983
16652,0.114,0.776,0.11,-0.327
20419,0.119,0.779,0.101,-0.9671
2079,0.072,0.849,0.079,0.3832
18890,0.044,0.808,0.148,0.9931
16179,0.0,1.0,0.0,0.0
17822,0.025,0.927,0.047,0.6187
13277,0.0,0.933,0.067,0.7603
4911,0.212,0.724,0.064,-0.9459
13528,0.134,0.763,0.104,-0.9791
22869,0.119,0.845,0.037,-0.9983
17178,0.226,0.745,0.029,-0.996
12267,0.068,0.883,0.049,-0.8868
5497,0.0,0.843,0.157,0.9551
19591,0.126,0.784,0.09,-0.7391
18612,0.021,0.871,0.108,0.9589
17262,0.057,0.821,0.122,0.927
14248,0.036,0.731,0.233,0.9719
17893,0.152,0.801,0.046,-0.993
2019,0.0,0.835,0.165,0.8934
14848,0.064,0.798,0.138,0.9928
12805,0.141,0.826,0.033,-0.9958
19162,0.067,0.896,0.037,-0.9786
15640,0.167,0.805,0.028,-0.9639
7607,0.179,0.726,0.095,-0.995
6025,0.154,0.788,0.059,-0.9977
1908,0.145,0.783,0.072,-0.9865
14916,0.163,0.753,0.084,-0.987
7620,0.028,0.827,0.145,0.9897
19325,0.045,0.814,0.141,0.7459
18177,0.108,0.823,0.069,-0.9373
11110,0.062,0.914,0.024,-0.8047
18852,0.088,0.802,0.11,0.2363
5738,0.059,0.895,0.046,-0.5627
5498,0.06,0.906,0.034,-0.7326
20523,0.051,0.857,0.092,0.9792
5365,0.067,0.788,0.144,0.9903
5999,0.158,0.708,0.133,-0.7096
9195,0.044,0.896,0.06,0.9035
10690,0.051,0.759,0.19,0.9945
13599,0.236,0.764,0.0,-0.8126
9761,0.079,0.785,0.136,0.9957
12594,0.041,0.884,0.075,0.9393
